0000000000000000000000000000000000000000000000000000000000000000000000000000000000000000000000000000000000000000000000000000000000000000000000000000000000000000
0000000000000000000000000000000000000000000000000000000000000000000000000000000000000000000000000000000000000000000000000000000000000000000000000000000000000000
0000000000000000000000000000000000000000000010000000000000000000000000000000000000000000000000000000000000000000000000000000000000000000000000000000000000000000
0000000000000000000000000000000000000000001110000000000000000000000000000000000000000000000000000000000000000000000000000000000000000000000000000000000000000000
0000000000000000000000000000000000000000011111100000000000000000000000000000000000000000000000000000000000000000000000000000000000000000000000000000000000000000
0000000000000000000000000000000000000001111111010000000000001111100000000000000000000000000000000000000000000000000000000000000000000000000000000000000000000000
0000000000000000000000000000000000000001111111110100000000011100000000000000000000000000000000000000000000000000000000000000000000000000000000000000000000000000
0000000000000000000000110111100000001111111111110010000000000000000000000110100000000000000000000000000000000000000000000000000000000000000000000000000000000000
0000000000000000000001101100000000111011111001000010000000000000000000000000000000000000010000000001100000000000000000000000000000000000000000000000000000000000
0000000000000000000000000000000000111111101111100000000000000000100000000000000001000100110100001000000000000000000000000000000000000000000000000000000000000000
0000000000000000000000000000000111110110111110111000110000000000000011100000001110000000000000000100111000110000000000000000000000000000000000000000000000000000
0000000000000000000000000000001011111111000011101111000001000001101010010000000000001110010000000100000000000000000000000000000000000000000000000000000000000000
0000000000000000000000000000010111111111110111111110101110011111111010011110000010100001100011011111011111111101011100000000000000000000000000000000000000000000
0000000000000000000000000110101111111110111011111111111111111111111011101111110011101111101111111111111111111111101111000000000000000000000000000000000000000000
0000000000000000000000001111011010111100000000111111111111100011110111111111111101101111111111111111111111111111111111111111000000000000000000000000000000000000
0000000000001011000001010111011111111100000000000100111110010101111111011111111010111111111111111111111111111111111111111111100000000000000000000000000000000000
0000000000000000000001011000111111111110000101100010110110100000001111001111111111110110111111111010011111111111111111111111110000000000000000000000000000000000
0000000000000000000010000011111111111110001100000000000110000111000011101001111111111111011111100000001111111111111111111111110000000000000000000000000000000000
0000000000000000011011111111111110111100001010100110001001100000011010111111111111111110011111001100111111111111111011111111110000000001000000000000000000000000
0000000000000001101110111111111111111110001011100100000111111111111110111111111111111110010101100101111111111110000000011111111101000000000000000000000000000000
0000000000000010010111111111111110001000000000110001001111111111111111111111111111111111111111111100011111111000000000000111111111000000000000000000000000000000
0000000000000010111111111111111110000100000001111001011111111111111111111111111111111111111111000000011111110000000000000001111111110000000000000000000000000000
0000000000000111111011111111111010000000000010011111011111111111111111111111111111111111111100000001111111101000000000000001111111111100100000000000000000000000
0000000000000111111101111111111110100010000000110000100000010000100101001000010000101100110000011111111111010000001000000000011111111111000000000000000000000000
0000000000000111111111111111111111000001000010100000111010010110101101101011010100101111100001111111111111100000010000000001011111111111100000000000000000000000
0000000000111111111111111111111111111001000000001111111000000000000000000000000000000000000011111111111111110000110000000001011111111111110000000000000000000000
0000000001111111111111111111111111111101001000110011100000000000000000000011000000000000001111111111111111101010110000000000011111111111110100000000000000000000
0000000001111111111111111001011011111100000110110000000011111111110011011111111100011111111111111111111111111110111000100110111111111111110011100000000000000000
0000000001111111111111100100001111111111011111000000011111001110110001111111111000000011111000011111111111111111111111111111111111111101000001000000000000000000
0000000001111111111110000001111111110000100000000011111100100001110001111111111100100000000000001111111111111111111111111111111111110000000001000000000000000000
0000000001111111111110000101111110000000000000001111111010000111000011111111111111111000100000000000111111111111111111111111111110001000011011111111000011100000
0000000011111111111111010011000000001001111110000000011000011110011111111111111111111111111100000100000110000110000000111110100000000001111111111111100111110000
0000000001111111111111111100000111111001111101001111000011111110011111111111111111111111111111000000000000000000000100000000000000000001111111111111111111110000
0000000000111111111111111000011111111111000010001111100111111101111111111111111111111111111111111110000000000000000000000001000001011111111111111111111111110000
0000001001101111110111100000111111111111100000011111111111110111111101111111111111111111111111111111111000011100000001000000000111111111111111110111111111110000
0010010001111111101100000011111010101111110001111111111111000010001001111111111111111111111111111111111111111111111111111000101111111111110111110011111111110000
0000000001111111110000001111111111111111100011111111111111110010000001111111111111111111111111111111111111111111111110011010011111111001111101111111111111110000
0000001001111111000001111111111111111111111111111111111111111100010111111111111111111111111111111111111111111111111100110110011111110000000111111111111111100000
0000000001111110000111111111111111111111111111111111111111111011110111111111111111111111111111111111111111111111111000000010011111111000001011011111111111110000
0001000101110110000111111111111111111111111111111111111111111000010111111111111111111111111111111111111111111111111110100000111101111110011111111111111111110000
0010000001111110001111111111111111111111111111111111111111101000110111111111111111111111110111111111111111111101110000000001111111111101001011111111101111110001
0100000001111110001111111111111111111111111111110111111111110000010111111111111111111111111111111111111111101000000100100001111111111111100011111111100101110010
0001000001111110001111111111111111111111111111111111111111111000010111111111111111111111111111111111111111111100000000001011111011111111100011111111111111110000
0000010001111110001111111111111111111111111111111111111111100010111111111111111111111111111111111111111111111100011000000000011111111111100011111111111111110000
0000010001111110000111111111111111111111111111111111111111110111111111111111111111111111111111101111111111111000000000110000010101111111000011111111111111111110
0100010000111111100000000011111111111111111111111111111111111100110111111111111111111111111111111111111111100010000000011111111111111011000001111111111111110100
0000100001111111111111000000111111111111111111111111111111111000000110111111111111111111111111111111111111010000000000001111111111111111110000001111111111110001
1010010001111111111111111000011111111111111111111111111111111010010111111111111111111111111111111111111101000000000000001111110111110011111110000011111111110110
0001000000111111111111101000011111111111111111111111111111111111111111111111111111111111111110011111110000000000000000111101001101101111110001000001110110010010
0000011001111111111111111100011111111111111011111111111111111100011111111111111111111111111111111110000000000000000001111001000011101010101011100001100100100011
0000010000111111111101101000011111111111110000011111111111111100001111111111111111111111111111100000000000000000000011110110001111110000110100100001000011110001
0000010001101111111111101000011111111111111011111111111111111100001111111111111111111111111111100000000000000000000000001110111110000010111101100000011010010000
0000000001111111111111111100011111111111111111011111111111111100001111111111111111111111100000000000000000000001000000000100001011000010111111100011111100000000
0000000001111111111111111100011111111111111101110111111111111100011111111111111111111111100000000111000000000110110000000111100101110011101101000001101110000000
0000000001011111111111111100011111111111000000101111111111111110001111111111111111111111010011000000000001000001100000000010100011001000000000000111110001000000
0000000001000111100011111100011111111110000000101111111111111110001111111111111111111100101011100000000011100001101001000010011111111000000100011001100011110000
0000000000000000000011111100011111111111000111111111111111111110001111111111111111111010001110010000000000111101100100100001001011111000000101010100100001110000
0000000000000000000111111100011111111111001111111111110111111100001111111111111011111110010000000010001011011011010100101010110111010000111101110111111001010000
0000000100000000001111111100001111111111111111111111111111111000011111111111111111000000000100000011000011100111100101101110001001011000000111010010101111100000
0000000000101100001011111110000000000001111111111111111111100000111111111111111000000000000001011111100110010011101011011100110100111000000111100110111011000100
0000000010101000000001111111111111000000111111111111111111000011111111111100000000000000000000011110001100010101011001011001000111010000000100110100101100000000
0000000000010000000000011111111111001000001111111111111100000111111111111100000010000100011000001111100100100100010000000011001111110000010100101111100011111000
0000000001100000000000000111111111111111000000000001111000001111111111111000000110111000000000001011011000011101001000111000001111000000011010001100000000000000
0000000000000000000111100001111111111111110000000100000000111111110111011000000010000010000000010101101100011000010010110001111100000000001000000110000000000000
0000000000000000001110000000011111111110101111111111100011111110111110000000000000000001100010011110001000000111011110101011100000000011100001110111100000000000
0000000000000001110000000000000111111111001111111111110011111111111100000000001111111110010000001101010000010010110000011001000000000010010111101100000000000000
0000000000000011000000011100000011111111111111111111110001111111111110000000010111111100010000000010111110011100000001001000100010000101110111111000010000000000
0000000000000110000000010000000001111111111111110110111000000000000100000000100101110010001100001111101111111111100100001100101100011001101110110000000000000000
0000000000000110000000000000000000111111111111111111111110000001000000000100010110101000001000000110100010101110101001000101101110010011001011010001000000000000
0000000000000111000000000000000000001111111111111111111111111111110001000000000000000000100000101000000111101111001111000001110000000111101110000000000000000000
0000000000000001111100000000000000000111111111111111111111111111110000001011000000001100000001001111111111111110101110100000000011110110011100000000000000000000
0000000000000000000111111100000000000001111111111111111111111111101000000011110111111110000010010110111111011010001110101100000000010101110001000000000000000000
0000000000000000000000001111110000000000011111111111111111111111001001110100111111111111000000001000011111011110110110111000000000111110000110000000000000000000
0000000000000000000000000000111000000000000111111101111111111100110011110100111001111110000000001100101011101111100110000100000100000111000000000000000000000000
0000000000000000000000000000011100000001000001111111111111110000000111110101110010011111110110000010011111000111100010011110011001100000010000000000000000000000
0000000000000000000000000000000111000000000000000011111111101000001111100001110101001111110111000110110100100110111100010001101011000000000000000000000000000000
0000000000000000000000000000000011111100000000000001111011110000000011001111111100011011000000000100100111000100111100001000001111100001000000000000000000000000
0000000000000000000000000000000000011111101111110000100000100000001110000000111111111010011000100010111101111100100000111111011110000100000000000000000000000000
0000000000000000000000000000000000000000000000001100000000000000011100000000001111100001110101011001000011010000000111011101011000010000000000000000000000000000
0000000000000000000000000000000000000100010000000000000000000001101101000000000000101111011001011000000110011101100111110101100000000000000000000000000000000000
0000000000000000000000000000000000000000000001011111111100111111100101100000000000000110111011010111000110010111111101111110001000000000000000000000000000000000
0000000000000000000000000000000000000000000000000000010011000000010100101000000000000001000010011001001010110101000011111000000000000000000000000000000000000000
0000000000000000000000000000000000000000000000000001111100111001100000011110000010000000000111111010000000111001111111000011000000000000000000000000000000000000
0000000000000000000000000000000000000000000000000110000000011110111000110110100000000011001100011011001001011001011100001100000000000000000000000000000000000000
0000000000000000000000000000000000000000000000000000000011101000111111011100000000000000010000010111011101110001011000000000000000000000000000000000000000000000
0000000000000000000000000000000000000000000000000000001000000000001010001001101000000100000100011100010110011011100000000000000000000000000000000000000000000000
0000000000000000000000000000000000000000000000000000000000000010011001000100011111000000000000110000101000100111000000000000000000000000000000000000000000000000
0000000000000000000000000000000000000000000000000000000000000000000000000001001100000000000000000000000000000000000000000000000000000000000000000000000000000000
0000000000000000000000000000000000000000000000000000000000000000000000000000000000100000000000000000100000000000000000000000000000000000000000000000000000000000
0000000000000000000000000000000000000000000000000000000000000000000000000000000000000000000000010000000000000000000000000000000000000000000000000000000000000000
